%YAML:1.0
---
samples: !!opencv-matrix
   rows: 99
   cols: 100
   dt: f
   data: [ 255., 255., 204., 153., 138., 15., 0., 127., 255., 255., 0.,
       0., 0., 0., 0., 0., 0., 127., 255., 255., 255., 76., 0., 0., 0.,
       0., 0., 128., 255., 255., 255., 255., 127., 0., 0., 0., 0., 127.,
       255., 255., 255., 255., 127., 0., 0., 0., 0., 127., 255., 255.,
       255., 255., 127., 0., 0., 0., 0., 127., 255., 255., 255., 255.,
       127., 0., 0., 0., 0., 127., 255., 255., 255., 255., 128., 0., 0.,
       0., 0., 128., 255., 255., 255., 112., 26., 0., 0., 0., 0., 127.,
       255., 255., 0., 0., 0., 0., 0., 0., 0., 0., 0., 0., 255., 224.,
       77., 0., 0., 0., 0., 77., 224., 255., 229., 0., 0., 0., 46., 46.,
       0., 0., 0., 229., 0., 0., 0., 179., 255., 255., 179., 0., 0., 0.,
       0., 0., 0., 178., 255., 255., 178., 0., 0., 0., 0., 0., 0., 178.,
       255., 255., 178., 0., 0., 0., 0., 0., 0., 178., 255., 255., 178.,
       0., 0., 0., 0., 0., 0., 178., 255., 255., 178., 0., 0., 0., 0.,
       0., 0., 179., 255., 255., 179., 0., 0., 0., 229., 0., 0., 0., 46.,
       46., 0., 0., 0., 229., 255., 224., 77., 0., 0., 0., 46., 153.,
       224., 255., 0., 0., 0., 115., 255., 255., 255., 255., 255., 89.,
       210., 0., 0., 0., 255., 255., 255., 255., 255., 0., 255., 0., 0.,
       0., 38., 255., 255., 255., 13., 0., 255., 0., 0., 0., 19., 236.,
       255., 255., 13., 0., 255., 0., 0., 0., 0., 108., 255., 96., 121.,
       0., 255., 0., 191., 140., 0., 0., 198., 0., 242., 89., 255., 0.,
       191., 140., 0., 0., 0., 32., 249., 89., 166., 0., 191., 255.,
       108., 0., 0., 159., 255., 89., 166., 0., 191., 255., 217., 0., 0.,
       255., 255., 89., 0., 0., 0., 255., 236., 128., 198., 255., 255.,
       0., 0., 0., 0., 0., 0., 0., 0., 0., 0., 0., 0., 0., 0., 0., 0.,
       32., 96., 159., 223., 255., 0., 0., 0., 0., 0., 64., 191., 255.,
       255., 255., 0., 0., 0., 0., 0., 64., 191., 255., 255., 255., 0.,
       0., 0., 0., 0., 64., 191., 255., 255., 255., 0., 0., 0., 0., 0.,
       64., 191., 255., 255., 255., 0., 0., 0., 0., 0., 64., 191., 255.,
       255., 255., 0., 0., 0., 0., 0., 64., 191., 255., 255., 255., 0.,
       0., 0., 0., 0., 32., 96., 159., 223., 255., 0., 0., 0., 0., 0.,
       0., 0., 0., 0., 0., 0., 0., 0., 0., 149., 238., 255., 255., 255.,
       255., 0., 0., 0., 0., 0., 63., 182., 236., 255., 255., 128., 57.,
       0., 0., 0., 0., 13., 191., 255., 255., 76., 34., 0., 0., 0., 0.,
       13., 191., 255., 255., 0., 0., 0., 0., 0., 0., 13., 191., 255.,
       255., 0., 0., 0., 0., 0., 0., 13., 191., 255., 255., 0., 0., 0.,
       0., 0., 0., 13., 191., 255., 255., 0., 0., 0., 0., 0., 0., 6.,
       96., 185., 255., 0., 0., 0., 0., 0., 0., 0., 0., 34., 76., 0., 0.,
       0., 0., 0., 0., 0., 0., 103., 229., 0., 0., 0., 0., 229., 255.,
       247., 115., 0., 0., 0., 0., 0., 0., 229., 179., 125., 0., 54.,
       76., 0., 38., 64., 0., 115., 0., 0., 0., 179., 255., 18., 201.,
       217., 179., 18., 0., 0., 89., 232., 255., 25., 255., 255., 255.,
       25., 0., 0., 127., 255., 255., 25., 255., 255., 255., 25., 0., 0.,
       115., 247., 255., 25., 255., 255., 255., 25., 0., 0., 0., 125.,
       247., 13., 166., 255., 255., 140., 0., 0., 0., 0., 115., 0., 23.,
       166., 255., 255., 161., 0., 0., 0., 0., 0., 0., 127., 255., 255.,
       252., 161., 0., 0., 0., 242., 128., 64., 0., 229., 255., 255.,
       255., 255., 255., 0., 0., 0., 0., 229., 255., 255., 255., 255.,
       255., 115., 0., 0., 0., 229., 255., 255., 255., 255., 255., 229.,
       0., 0., 0., 229., 255., 255., 255., 255., 255., 229., 0., 0., 0.,
       0., 0., 0., 64., 128., 242., 229., 0., 0., 0., 115., 115., 0., 0.,
       0., 229., 229., 0., 0., 0., 229., 229., 0., 0., 0., 229., 229.,
       0., 0., 0., 229., 229., 0., 0., 0., 229., 115., 0., 0., 0., 229.,
       229., 0., 0., 0., 115., 0., 0., 0., 0., 115., 115., 0., 0., 0.,
       0., 255., 255., 204., 153., 138., 15., 0., 127., 255., 255., 0.,
       0., 0., 0., 0., 0., 0., 127., 255., 255., 255., 76., 0., 0., 0.,
       0., 0., 128., 255., 255., 255., 255., 127., 0., 0., 0., 0., 127.,
       255., 255., 255., 255., 127., 0., 0., 0., 0., 127., 255., 255.,
       255., 255., 127., 0., 0., 0., 0., 127., 255., 255., 255., 255.,
       127., 0., 0., 0., 0., 127., 255., 255., 255., 255., 128., 0., 0.,
       0., 0., 128., 255., 255., 255., 112., 26., 0., 0., 0., 0., 127.,
       255., 255., 0., 0., 0., 0., 0., 0., 0., 0., 0., 0., 255., 255.,
       255., 255., 255., 255., 255., 229., 130., 0., 255., 255., 255.,
       255., 255., 255., 255., 191., 0., 0., 255., 255., 255., 255.,
       255., 140., 0., 0., 38., 255., 255., 255., 255., 255., 143., 28.,
       0., 0., 8., 51., 255., 255., 255., 89., 0., 69., 153., 115., 0.,
       0., 255., 168., 153., 54., 56., 171., 255., 191., 0., 0., 204.,
       31., 0., 0., 112., 204., 133., 0., 0., 0., 255., 38., 0., 0., 0.,
       0., 0., 0., 0., 0., 255., 255., 255., 255., 255., 255., 237.,
       153., 0., 0., 255., 255., 255., 255., 255., 255., 166., 0., 0.,
       0., 0., 76., 255., 255., 255., 138., 0., 0., 0., 0., 255., 255.,
       255., 219., 20., 0., 15., 153., 255., 71., 255., 255., 255., 76.,
       0., 0., 76., 255., 255., 255., 51., 112., 255., 76., 0., 0., 0.,
       26., 194., 255., 0., 76., 255., 184., 15., 0., 0., 0., 0., 0., 0.,
       76., 255., 255., 163., 0., 0., 0., 0., 0., 0., 0., 102., 61., 0.,
       0., 15., 51., 51., 5., 0., 0., 0., 0., 0., 0., 76., 255., 255.,
       255., 0., 0., 102., 61., 0., 0., 15., 153., 255., 71., 0., 0.,
       77., 224., 163., 138., 0., 0., 0., 0., 255., 217., 64., 0., 0.,
       0., 0., 0., 0., 229., 255., 179., 0., 0., 0., 0., 0., 64., 217.,
       255., 229., 0., 0., 179., 255., 255., 255., 255., 255., 255., 0.,
       0., 0., 0., 0., 0., 38., 128., 217., 255., 242., 128., 64., 0.,
       0., 0., 0., 0., 0., 115., 255., 255., 255., 255., 255., 115., 0.,
       0., 0., 0., 255., 255., 255., 255., 255., 255., 179., 0., 0., 0.,
       255., 255., 255., 255., 255., 242., 89., 0., 0., 115., 255., 255.,
       255., 255., 140., 0., 0., 64., 217., 255., 0., 0., 0., 0., 115.,
       255., 255., 255., 255., 255., 255., 255., 204., 153., 138., 15.,
       0., 127., 255., 255., 0., 0., 0., 0., 0., 0., 0., 127., 255.,
       255., 255., 76., 0., 0., 0., 0., 0., 128., 255., 255., 255., 255.,
       127., 0., 0., 0., 0., 127., 255., 255., 255., 255., 127., 0., 0.,
       0., 0., 127., 255., 255., 255., 255., 127., 0., 0., 0., 0., 127.,
       255., 255., 255., 255., 127., 0., 0., 0., 0., 127., 255., 255.,
       255., 255., 128., 0., 0., 0., 0., 128., 255., 255., 255., 112.,
       26., 0., 0., 0., 0., 127., 255., 255., 0., 0., 0., 0., 0., 0., 0.,
       0., 0., 0., 255., 224., 77., 0., 0., 0., 0., 77., 224., 255.,
       229., 0., 0., 0., 46., 46., 0., 0., 0., 229., 0., 0., 0., 179.,
       255., 255., 179., 0., 0., 0., 0., 0., 0., 178., 255., 255., 178.,
       0., 0., 0., 0., 0., 0., 178., 255., 255., 178., 0., 0., 0., 0.,
       0., 0., 178., 255., 255., 178., 0., 0., 0., 0., 0., 0., 178.,
       255., 255., 178., 0., 0., 0., 0., 0., 0., 179., 255., 255., 179.,
       0., 0., 0., 229., 0., 0., 0., 46., 46., 0., 0., 0., 229., 255.,
       224., 77., 0., 0., 0., 46., 153., 224., 255., 0., 0., 0., 115.,
       255., 255., 255., 255., 255., 89., 210., 0., 0., 0., 255., 255.,
       255., 255., 255., 0., 255., 0., 0., 0., 38., 255., 255., 255.,
       13., 0., 255., 0., 0., 0., 19., 236., 255., 255., 13., 0., 255.,
       0., 0., 0., 0., 108., 255., 96., 121., 0., 255., 0., 191., 140.,
       0., 0., 198., 0., 242., 89., 255., 0., 191., 140., 0., 0., 0.,
       32., 249., 89., 166., 0., 191., 255., 108., 0., 0., 159., 255.,
       89., 166., 0., 191., 255., 217., 0., 0., 255., 255., 89., 0., 0.,
       0., 255., 236., 128., 198., 255., 255., 0., 0., 0., 0., 0., 0.,
       0., 0., 0., 0., 0., 0., 0., 0., 0., 0., 32., 96., 159., 223.,
       255., 0., 0., 0., 0., 0., 64., 191., 255., 255., 255., 0., 0., 0.,
